[CREW1.JPG]
filters=Comicize=1,70.175438,42.690060,74.853806;
backuphash=53631
text=1;144;18;3SUM&#010;Entertainment;AR BERKLEY;0.048446,0.057003,0.061111,0.000000;v1,4292169277,4278190080,128.000000,1.000000,0.000000,1.000000,700,0,49152;;
textactive=1
